0.02388322700338219
0.02789637960584667
6.1002656551513885
6.1002656551513885
6.1171064375469255
6.106626351535966
6.112541462320276
0.04230527065567247
9.04004621778353
6.104278807753853
6.106626351535966
6.198517524266092
0.020373848987042205
6.106626351535966
6.104278807753853
0.03203964454588806
6.104278807753853
6.104278807753853
6.104278807753853
6.104278807753853
6.1002656551513885
6.1002656551513885
6.1002656551513885
0.02605261040985793
1.0273445569816615
0.02203945780739345
0.03203964454588806
0.014013152602464482
0.03203964454588806
1.018026305204929
4.183876948487736
0.020373848987042205
0.19241219083184483
6.103223210543543
6.1002656551513885
6.103223210543543
6.103223210543543
1.021266343711497
6.103223210543543
0.018026305204928966
0.020373848987042205
6.106626351535966
6.089034714923968
0.03203964454588806
6.089034714923968
0.027344556981661584
